ext_front
-0.034615 -0.538700 0.841786 3761.217816 
-0.998965 -0.006209 -0.045052 -104.295833 
0.029496 -0.842475 -0.537928 802.544335 
0.000000 0.000000 0.000000 1.000000 
ext_right
-0.999550 -0.029185 -0.006867 1998.497027 
-0.008653 0.500128 -0.865908 -1099.645500 
0.028706 -0.865460 -0.500156 1134.270856 
0.000000 0.000000 0.000000 1.000000 
ext_back
0.025113 0.561278 -0.827246 -1090.652288 
0.999457 -0.031770 0.008786 -102.345447 
-0.021350 -0.827017 -0.561771 1017.334360 
0.000000 0.000000 0.000000 1.000000 
ext_left
0.999880 0.008685 0.012800 2031.815472 
-0.005408 -0.578985 0.815320 933.614683 
0.014492 -0.815292 -0.578868 1125.790710 
0.000000 0.000000 0.000000 1.000000 
ext_top
-24.038462 0.000000 6327.500000 
0.000000 -24.038462 5000.000000 
0.000000 0.000000 1.000000 
